10,292
10,296
10,18
10,226
10,228
10,222
10,78
10,32
11,20
11,18
11,14
11,24
11,10
9,4
9,6
8,6
8,10
8,11
48,4
48,3
48,2
48,1
48,0
46,4
46,3
46,2
46,1
45,5
45,3
45,1
44,4
44,3
44,1
42,5
42,3
42,1
39,4
39,3
39,1
37,4
37,3
37,1
33,4
33,3
33,2
33,1
28,5
28,3
28,1
25,3
25,1
21,3
21,2
21,1
21,0
20,3
20,2
20,1
19,3
19,2
19,1
18,3
14,1
18,1
14,3
12,3
13,1
12,2
13,3
12,1
11,27
11,23
11,21
11,19
11,15
11,9
11,3
11,2
11,1
10,307
10,257
10,207
10,125
10,73
10,33
10,25
10,21
10,3
10,2
10,1
9,7
9,5
9,3
9,2
9,1
8,17
8,16
8,15
8,14
8,13
8,8
8,4
8,3
8,2
8,1
7,13
7,12
7,11
7,10
7,9
7,8
